5.672251824733356	1.3643228600123063	1
-2.2190442337004797	4.081199585511822	0
4.991443668210483	6.12616877157685	1
-5.199906439436277	-9.259008931561922	1
-3.5323741531656587	-6.698672917864874	1
-0.40637933868992704	1.919551542748387	0
9.856647954825913	3.262017188459268	1
0.35381066897133984	8.32486278899141	1
-7.0047160389487235	5.0674471887165815	1
-9.986787371553753	-9.38137332066682	1
5.312964488433389	-7.380740524101233	1
4.10016663208156	-0.370938197598651	0
6.023461984544937	3.381110773312809	1
6.50087152689321	6.385694022735731	1
-9.682163115298003	-8.238299825494215	1
3.4599899203411244	-0.670829052176634	0
-4.076260868547075	1.5131750099780348	0
6.982052479417376	7.494509152897017	1
9.896325489413947	3.5805198477055953	1
-8.663914118068233	-3.960054092411358	1
5.945685585483584	3.266781423473347	1
-0.6720967139589789	-9.576531452413022	1
-6.258123692689135	-8.322803390236498	1
5.0181329690955145	2.884641756849252	1
4.179809974967464	-6.788532194801411	1
9.736167561961476	-5.72727256619443	1
6.596063162093209	-8.63157756640791	1
6.643551241457985	-4.464036600361365	1
-6.259052151225928	0.7197378791413716	1
-8.623378780930803	6.188811519089857	1
3.1525680959092934	-7.13452413313586	1
-3.7713837288094476	-4.788572137355301	1
-4.970914537461882	7.758293199577878	1
-3.390579535306186	4.919273238949099	1
6.786997396021455	-4.632744153633155	1
8.67581433132241	-5.489580031438994	1
-4.280878844816662	8.994657418025966	1
-6.483039694637924	5.165077629596578	1
5.418372718184031	2.9097586878029507	1
-6.537903982260868	-3.666499188608892	1
-7.366019032564535	-0.39374569003728155	1
6.66449826097254	-5.841279287238843	1
-6.554445393168809	0.15714093462209533	1
6.106672993223764	-2.0421707754783487	1
0.1053634467846809	-8.19733756834278	1
-3.963028881122077	-5.139272691919601	1
-7.686785471355897	-4.492664245330385	1
-1.8719625879931243	4.036294695928991	0
0.21321777732643454	9.414121964371947	1
4.504191612362954	7.544404871969753	1
0.05898051620908262	-9.043000555639049	1
4.28488580033207	9.99285388674214	1
-5.679980245942726	-1.6407337248299818	1
-7.06904663787999	-6.2838651921276405	1
-4.561908370333989	7.239365696876003	1
5.137862866631329	-6.680904024986489	1
-2.590998232102006	1.172591782596955	0
-3.4336380624053593	-1.8506152698673457	0
-2.6955467674025657	-1.0246566174738518	0
-3.9011967223386286	-5.631307279638764	1
-5.899750295101218	9.71394921020087	1
-6.067081875800522	4.513954218586855	1
2.3074931347553225	-7.711840289404741	1
7.597073109839968	-9.494864963636957	1
4.904159510879351	-7.377508947527687	1
-5.436037397363145	-9.978867817835184	1
4.8333603101155	-6.37072910172261	1
0.8958570351072623	-6.671177240787327	1
4.4859829224856025	-8.75624692206104	1
2.904713333090678	9.25144517941066	1
-8.308689288198941	-6.56519660055412	1
-9.880386212059928	8.20522508090659	1
3.410012980080488	5.503693927409914	1
-6.270561896268514	-0.4445059043987136	1
2.1563863180837153	-2.2842483209863733	0
5.555310349375446	-2.02904520658028	1
9.268838514672396	0.7118546227746343	1
-7.665672579606085	6.120123418852799	1
1.6538406716787275	1.404786377708021	0
5.637834017353578	5.855193321251267	1
3.9757162320867963	4.280870130331099	1
-0.7229345571415298	7.384007520908039	1
-0.9590173380006846	-5.398478614611861	1
-4.9844454675857115	1.3123801897397378	1
-2.8317943771312066	-2.2883613916055223	0
-0.49233664146906264	-6.447212176785044	1
5.070136945322325	8.000148045157445	1
7.346063556707499	-6.074784421426427	1
5.588559872534146	-6.420546702563437	1
0.678401682848758	-9.42662307592741	1
-6.578445896701415	4.238399855001354	1
-3.1216052460934645	-3.2799102670091766	0
0.9146965931840931	-1.9785628079877622	0
2.303568815019407	6.461098561967994	1
7.031694276766267	9.656508790848072	1
0.8227408242749075	-7.419548129905897	1
7.241759473701915	4.980999956521471	1
8.4021436766071	-4.4618722222202445	1
7.200816480235851	9.475913387255297	1
-5.204451834305271	8.452230661072623	1
-2.422137178826116	-6.677224130482735	1
-4.0615281771466405	7.106105594398347	1
-4.828349487878145	6.2463827917920085	1
5.030466479994471	-5.899973614472838	1
8.256301161926725	9.136005998888553	1
3.3952779574290286	-3.5285402613085175	0
8.161562361076854	0.6455522972936851	1
5.2870432784047665	7.101819025437571	1
-1.8252603625670965	8.21078502505101	1
4.095124918776229	8.311484233644162	1
-3.4417220817554455	-6.996045637029615	1
-3.660730289249159	5.154863221751162	1
1.3591151651607056	2.238635307187554	0
7.337440005491324	-0.2719036638937755	1
0.5920845817687237	-6.075045282095224	1
7.3626153353408625	2.585779519010849	1
-4.969201680836026	-7.056395166066909	1
0.7696949499415489	-1.059689406683388	0
8.845875340496658	-0.07536254025842837	1
-7.821649317920265	-4.980892030207363	1
4.440023206035555	-9.937174752322516	1
-4.310322007541425	-6.997683822425351	1
-2.619051835215018	4.02351336557874	0
6.600271675860071	2.229541413886661	1
-8.875426010007732	-3.019292939589846	1
0.7860146691993073	-7.287644625746472	1
3.8771322712826297	5.531184848267301	1
-5.432425217138384	-4.938182055633313	1
-7.3635819675906315	2.1466098993154397	1
1.079145428977725	1.5477016017266507	0
1.1244973991867226	4.292281707377228	0
-5.05853189803354	1.27413882413666	1
6.336387500339637	8.633543363442204	1
-7.279983716338878	-9.26631044686972	1
-9.703062051763943	-8.633687664251346	1
1.8899804450886677	-0.6924812488114345	0
-3.849991831481045	-1.911462569554912	0
3.5182330625331204	8.598553912092306	1
0.5469833021768302	-2.3453408749974596	0
4.242151881146253	-6.902985990917713	1
5.379985092882427	-0.1736419806356011	1
-2.9414238153865853	0.26010759900317204	0
4.356986365849785	6.692754148946722	1
-8.075210429848699	3.8687018620350955	1
0.1570456536955831	6.523381625473888	1
0.05814259236186814	-1.8180257042623893	0
6.12533568291186	-7.426168258552321	1
9.78162079909649	-1.5018339377648644	1
6.064162602494822	-8.149856257337017	1
0.2388620843083018	1.909024648897276	0
-6.587798843872372	6.700417684697516	1
6.777670860936659	-3.1913641160115507	1
1.7159836438782463	-9.266188595772649	1
-0.43548075798921104	-1.8822575255683986	0
1.1610727698799206	-0.36871755770293113	0
1.917579539195991	6.301955215278451	1
-3.375030432786965	0.8940971415821686	0
5.393221491017146	6.8379065226456035	1
-8.007581527774231	-6.911834209325647	1
2.4135364793273073	-5.992416468197845	1
-8.528862514971811	-8.986538873601189	1
3.1739421197422217	-4.2830114500945875	1
3.0498986691619834	3.4786719555759724	0
8.993153847733108	-2.468982726967212	1
-3.6926927069782733	-3.295108382826739	0
9.57981669325235	-3.2235129466172	1
1.7527368087656399	4.548920398398707	0
-7.057640608508795	-3.698250516834105	1
-4.564943793124212	8.094257657068567	1
9.22648985556868	-8.041608857579966	1
-8.00886233595222	4.760280982136692	1
3.0057173315128978	-7.480456308440775	1
2.136153635100772	6.250132870756527	1
-1.22828607621053	-7.506280401987251	1
-5.1709712557198735	-0.7426063287177254	1
8.189592557873642	8.383970769766279	1
2.737423986744094	-0.9791764133901371	0
3.1945299152587623	-0.9483995624251946	0
5.502733336314549	-0.16091000904959074	1
-2.294101171265222	-8.505316804756468	1
9.795604512063115	-7.6056731751388025	1
-3.80314810930241	-4.104282841183151	1
7.615534603400157	5.410154709907369	1
-6.352745018301049	-7.257479314948096	1
-0.6506256166907711	-0.4937966981722006	0
-6.335542309386044	8.293371213659597	1
1.252677261733016	-1.5376518585449332	0
-8.34976084093631	-2.096728319248844	1
0.38385800788801916	-1.804331407606881	0
-6.15477009392815	-7.023427846939885	1
8.469824677070012	-2.38073653820011	1
2.6383194508568693	1.1823570725414623	0
4.5481299387817575	4.679467541134198	1
-3.878252336579431	9.800368076433365	1
2.702507263475738	-8.411143040305994	1
-7.551664641849882	4.400169964067844	1
-6.2364996688681344	9.343040823406334	1
-3.0059169445724176	-9.906457684444376	1
6.6596307499877945	-9.868224625339924	1
5.832505938832362	0.18073103758053222	1
9.825143586053965	5.904174453337703	1
6.1938161784727015	8.39967941699112	1
-7.14521632331353	0.6226277180645248	1
-2.622304292411375	-6.375046679918295	1
3.945909392633789	-6.734931881849484	1
-2.8801891405940854	-0.8571092405281693	0
6.813917637344428	2.8127153607193645	1
-9.821097799159768	2.0062227059316946	1
1.9982843167705902	8.18654714428974	1
-1.2076273371602664	9.992648244917834	1
-7.175026086464502	-3.2148623888635175	1
2.1064272730937557	6.3767598795685	1
-2.8164539258800803	-1.1310244566719074	0
-3.382908120305377	-9.37824684618154	1
-4.786393756560869	7.61951339590216	1
-1.570932657457595	-7.0056892049210955	1
4.566277805484448	-7.267689662766843	1
9.366129519496631	-6.348797719543198	1
-3.979495612480301	-4.324360346285523	1
4.08573336752479	4.559215638512599	1
-6.549594108641797	-1.8498568860041438	1
8.545339989406763	-2.15812247390139	1
-4.0992250826095304	8.58164660404318	1
6.451357495575188	5.81394236572357	1
-1.0667488420434417	7.3500593731563875	1
2.715288872961345	-8.773632325144568	1
-0.31554843534578225	-0.2315256217798911	0
9.917678809825933	-2.9666134006427347	1
-2.253269410933374	7.2328741661064555	1
1.0924278006507997	4.052374413043584	0
0.5164289827656141	-4.221988822795355	0
-0.2840261253211871	6.239808863293327	1
5.133366925900178	4.324095385889988	1
0.5803012602141049	-2.737127295568187	0
-2.924023512339449	8.347945797892802	1
-1.2544828272290047	-2.043146797756723	0
-2.8113020394256827	-4.766391088384894	1
-7.02908782496904	-1.821164334041395	1
-4.598591664793387	5.608233347916682	1
9.404480123809588	0.3022376869539549	1
3.6098324438906086	3.4758082454354664	1
7.262411238287843	-8.027229890440479	1
3.137732218391882	-9.56922831208584	1
-0.8595792165004941	4.3976547610874555	0
-7.0821986134710535	-1.1038037759462291	1
6.712118532598073	5.733056491693766	1
1.7305213729684041	-0.041280542729927205	0
-3.063324185745677	-7.12145876449537	1
7.37997354918199	-2.445002027160676	1
3.1675640789982147	4.223904395198195	1
1.8053145486914524	6.448152181285781	1
-3.553060786023341	2.3294672062300243	0
-3.4166025335401624	-0.6713376526112391	0
-1.6744574032749355	0.34627225167348463	0
-7.887570197701843	6.4715007521357	1
3.2008601479577266	-7.273195482808392	1
-8.917126250494288	4.660037395289434	1
-2.7605315809662105	-1.5053658968670636	0
-1.1074503027199611	0.08012765238341224	0
5.918393339505689	-3.7768212024920267	1
8.76312257051379	-8.618346839314983	1
-5.640311122841153	4.403045840340191	1
7.240889569136861	-3.70014008808071	1
-6.811820041485808	5.177291517919137	1
1.641708187405392	-6.732478647496595	1
9.322888501694262	-6.487545844525153	1
-5.369531302086998	7.535593494079244	1
5.675182964632818	-6.328263288804976	1
-4.971074068477428	-5.394965029036305	1
9.325491453343872	8.687699325065864	1
9.1734631801862	-1.5815481808686087	1
5.64690464370053	6.405817575320139	1
6.245101473051509	7.209525594901557	1
-1.2073227160175861	-3.4262513385689637	0
8.330271617362257	8.0821307115066	1
-5.407083584053924	-3.0642245173639537	1
0.7590458465843071	7.511522207537183	1
-2.274352959117067	-6.830794806685267	1
-1.2474115290870387	9.42560433297858	1
6.074761937954623	5.173578944442118	1
-8.992138197565179	0.7866936867724732	1
6.692219137459215	8.216217489203082	1
-4.333043512282826	7.628414897724191	1
7.835645433509054	8.514074171450403	1
-3.399592817044992	0.8279290060185502	0
1.9613205888359282	-4.369732205854353	0
8.681002258731517	-0.5357223367920998	1
-5.773031783256785	-2.5301831680812947	1
9.243566771007142	0.2609320079635822	1
6.517764298465266	2.07242339650837	1
8.556142899178475	3.982175359371711	1
4.220809839988124	1.9011940482162473	0
2.220127926497785	-1.2688685473137156	0
-6.665746984018124	1.6907960348368416	1
3.91054965680196	-0.35171995172594883	0
-5.680397235824128	-5.804729051459335	1
-2.766841178917449	-8.891469406834078	1
-4.1056842349816165	-9.835158045257785	1
-5.328640025033453	4.293601851293117	1
-3.0488747660024647	-9.851476846305545	1
3.7731129464998006	6.66641028906475	1
5.422294768707447	8.740378882803363	1
-9.045778478284742	3.262547058482383	1
-9.7876284447588	-1.3163904364866852	1
3.1863861579467354	-1.2430576598903968	0
-3.291052978491253	3.67731949143832	0
-2.1921001373648004	-4.831789078442519	1
4.71547064219477	2.00652694300792	1
5.940545805878987	3.450383154026744	1
3.10288271114767	7.990987962818611	1
-2.459335731671022	6.217600866036221	1
5.6243024212593475	3.0157239225105563	1
0.9935262319604536	-6.320585007060087	1
-9.526951827000996	-9.403366975922339	1
4.863061821537325	-6.206233911429308	1
-2.977307517898053	3.119807049225745	0
7.647420841972153	-8.305686593361226	1
-5.3121178342065605	6.065040307215291	1
1.5954467164136936	-2.7686686653022026	0
8.93424360284411	-6.912521391281794	1
-7.9985807833192	-5.099793549096026	1
5.380159630234456	-8.676923359994454	1
5.042360065070159	-0.7254655267568282	1
-3.287615269703723	-1.2298699925927732	0
-1.7625890534779671	-2.3487421873120784	0
-9.4870472175511	9.919635364524257	1
3.0182138402709118	3.8398571024215116	0
-5.284283771787752	2.5662644929512872	1
8.153395805124894	6.9658956970111205	1
0.6462061666600043	-8.864476473989825	1
6.279351364471534	-3.336379484122965	1
1.4672321258871523	3.6359227714762383	0
7.0863837555884714	-8.973317828882339	1
-2.1956780771056312	0.991343100715925	0
-4.527245794920116	9.088289264196181	1
-5.6576435821567745	-6.322898807688082	1
-4.629695912962073	-2.931776542911999	1
7.5825871377935385	-9.777423387870023	1
9.045380557492145	7.4305007037694075	1
-0.8844425495863124	-7.270404685678296	1
-2.9580369323470723	9.557200954982697	1
-8.046170312570917	4.580707430886417	1
-1.1470373229583508	7.1364859626157156	1
4.6818387327118	6.629303499528309	1
-8.303180835495429	-5.518605528112694	1
-1.4728813403553342	-7.700775859660807	1
3.558255487553101	-9.446711016586192	1
-4.515680231603527	-2.747110518242623	1
9.234526016001908	1.2218128400938273	1
-7.460951231204356	-7.808603951144127	1
9.956732095564533	4.072220504528856	1
3.9380615417559977	-8.863287386365126	1
0.0967849803877101	-5.833004421668344	1
9.65473094729533	5.366283908655031	1
-5.0521014235543245	-5.410840854960622	1
-9.780326270857886	-8.242245378523577	1
-3.099618769330748	9.21694850928964	1
2.1852244509686773	-2.218952397642699	0
-3.1276360492721444	5.301326663058353	1
8.159976458708485	-9.451290713550494	1
-6.4532707194792955	2.6496690786438837	1
7.747492739220952	3.07890879572728	1
3.8827940749162675	-2.1672881153181622	0
1.0827236048891429	-4.131015747701488	0
8.063191460964124	4.689992147683347	1
5.018996218690418	6.186870598167161	1
-8.830705817786505	9.180346482358928	1
-6.629088848892479	3.7768705235302207	1
6.908063293407331	5.333472939227269	1
-1.2862170265918476	-3.2999103768551574	0
0.8283364266466506	4.322895433530256	0
-1.3951975738307691	-7.450507497553385	1
7.111561299028757	8.19891512144319	1
8.98841096894905	-3.698660239950657	1
6.3516116133326115	2.3751012325622884	1
-4.338984687101275	-6.839392097563617	1
-3.0748963832722076	4.2724510819578665	1
8.10659268579903	-2.925790522764391	1
-7.14996019203928	8.914210419998554	1
2.6028044296034807	4.813269963883824	1
-0.8307158912106534	6.313310009087839	1
-6.315903236959269	-4.962969023804364	1
0.11625151978109649	-8.105223514981294	1
-7.231042273747117	-4.304558500817704	1
-6.844577636213969	-8.266902909569149	1
-2.4688092500726677	-6.629485447950058	1
8.099390798877298	8.598967459193588	1
3.528044850340944	-1.1786491756367568	0
7.366710997626139	-5.7731581137414985	1
7.642325709976824	-2.0081135556554086	1
-2.501552920578103	5.680192481808069	1
-3.4625100001283027	9.475928690705423	1
-2.590780441782938	-6.0522052071356285	1
-8.5857811798023	8.464045444636575	1
6.82266848022012	4.260913674767808	1
3.6535494240548374	-0.7048784644412471	0
-5.9707945732847545	8.02716269029855	1
-8.461470869786575	5.272717942617579	1
2.0806180661494693	-5.8366221544147905	1
2.948577006986465	-0.11070684465981273	0
3.97587679468106	-3.0338245251578417	1
3.5631784773120927	-5.392651739187826	1
4.211678604368135	-4.461182762363114	1
-1.3916566122884237	0.08762271768592456	0
0.1692033078822277	9.30151345216591	1
-4.695783043111456	-0.7823763608283336	0
4.781370424708648	-3.391793445538802	1
8.39074342468112	3.5507913603680485	1
4.749745680760068	-5.299912583131475	1
-4.9050816477154635	-4.791902934024501	1
3.2725149401021536	-8.217423863645422	1
-4.790520995636161	3.0794434807838194	1
0.012459837150336384	3.6409029431534385	0
-8.81011994216502	-5.57996342858968	1
0.17363963883781963	-9.428936366921647	1
0.5191918917196112	-5.752605177988526	1
-4.575993311647193	6.880415425167158	1
9.936434503946824	2.0468171968283233	1
-9.256456137054128	1.9056335937669022	1
-6.299751503953736	8.289148315974376	1
0.5134781145064498	-2.1204747636234984	0
7.9997097492894405	3.7213688316167737	1
-1.7104136827310494	-1.7153798533569038	0
-4.976150838915457	2.9922206188130023	1
-9.360171882163563	6.646318575698658	1
-3.6086858578828496	-3.7193416123457883	1
-2.5663974071233087	-6.190359336056868	1
-2.285675497654875	3.2963250847926027	0
7.515175745678249	-8.556850925842873	1
1.1081818437630453	5.358756616353137	1
2.6854758102733243	7.752290964060013	1
4.7072950626016485	-1.5795674501871986	0
1.4542879227674117	4.2365514118147125	0
5.153006533998113	-6.041876535821742	1
-8.525419201860851	-4.127679084295108	1
3.848554297964391	7.222862107533604	1
3.2248570422398117	-2.804756271473739	0
-2.386082954845026	7.406021637880102	1
-9.862195163675612	-0.07300155090187133	1
3.7735170397002555	-0.44442436194700186	0
-5.296067024352887	-5.303890021816109	1
-9.941640051359748	-2.338928436100323	1
-0.8178571859083306	-1.1089036859024741	0
-1.8617340414443007	-3.170004326313462	0
0.7662833510360514	-5.704030015982706	1
-1.2338843065819773	-1.4789362652861104	0
2.548246343718981	-6.37200587278294	1
-1.394836181896789	6.556683438338972	1
5.560959156110245	-7.3629295574057	1
-5.0648274526286645	6.606998958308992	1
-9.737231543022078	-7.158710461749904	1
4.653760015957724	4.869227604918327	1
-2.432494465383952	-3.027672200783165	0
2.169927346448766	0.6614946411133342	0
8.667819513338024	-7.740162804929498	1
6.7198604086845535	9.388328748757534	1
-6.79953566773619	7.42654575301399	1
8.81096505166186	6.3447745506225495	1
1.0486543290992412	0.13034484822828496	0
0.42041448916670987	-7.6833904336366725	1
-6.577388422841066	7.632558925404464	1
-5.8743712458500745	0.2967812106886907	1
7.634459922950072	8.332367729432328	1
9.799122274297336	-1.1300153114914817	1
3.5773290307863554	3.206784954898829	0
3.4237643151874018	0.8432817542433391	0
-8.378597614866706	-2.260966074165472	1
-1.201387597585775	-1.9511004440705904	0
-2.1051398867005133	-4.357153700309288	0
-1.4416261130859311	-0.5596066288725954	0
-5.333579710617126	5.473302007552105	1
0.265367080183017	3.2140419358590613	0
-4.246076466995259	4.194794963720339	1
-1.48884123799178	-1.7790050223395113	0
7.2877782480335895	9.66989325715208	1
5.668197063015089	-1.34316369945968	1
-2.6705918787790957	5.13613119067805	1
-9.645340253979517	6.736493913508614	1
9.773039387176794	-0.032273046096358726	1
8.987222191979207	6.340518504413296	1
1.5285264357683133	-2.18357275223529	0
8.125013693058555	6.356417637386784	1
-8.497514707369621	-1.18725906935126	1
3.635466933642846	6.980187996683181	1
-8.146366632344487	-3.2405199814813823	1
-2.9209302692149546	-9.607022852879027	1
-7.87689439683059	5.533622871340832	1
1.9837596852484722	-9.692085341268475	1
9.133678692021007	0.6480697780587885	1
-1.6761260681864627	0.7135330090644949	0
7.602624447774041	6.444334519392353	1
4.311625311130939	-4.1822790145293265	1
4.855268704597584	1.3823648935860398	1
6.554814120732015	-5.296547100419675	1
8.80355851134017	-7.273543692245646	1
-2.2836481286567656	-4.367185655709291	0
4.287752945275319	2.4089413064698455	0
1.1303262773515321	5.006545122191428	1
-9.325315754452772	1.167275110732568	1
-3.8882402101274423	-6.5652933502988216	1
1.8234773526951464	-3.619507676273579	0
1.1840837617905855	-8.320041757963057	1
5.140414293107511	2.689824948908587	1
-6.228864310563753	5.534226321209372	1
5.387713541494092	-9.390668208843353	1
5.051219889851845	-6.540321871182728	1
6.15916854710871	-7.395419932233205	1
3.4990691704321506	-1.420761621244587	0
-6.0851750000469895	6.873993257527079	1
-6.077913644128545	-2.4926197508005927	1
-1.7858242450055961	-2.8697610585433058	0
7.577715548400331	-4.170931087198115	1
9.556518261197073	-3.3426241185012913	1
2.481262324116491	1.5677664883987852	0
-7.328410712078474	3.5251880909611426	1
-6.163161038053888	4.516289091256462	1
-3.075671353755201	1.136452417360669	0
-7.06972937349769	1.9003549090914724	1
-5.6748202566291495	7.264449181613799	1
1.657044278185591	-4.8398217230746665	1
-0.9523170607767479	7.127129300207621	1
3.693711559300535	-4.047198170642627	1
-4.738198479810327	9.91649928459928	1
-4.783579921602923	-8.104694241901182	1
-0.6996652252470987	0.9556279934054164	0
-4.579680651796155	-8.060037793315606	1
-2.7898082337168617	-7.482758109911469	1
-3.9029227853068864	-6.19838710316129	1
9.503681323890621	2.2007532587593133	1
-8.181526428746423	4.516660391146923	1
5.769209105519494	6.867217184802058	1
-5.939090839058414	-1.4666938878165308	1
-3.358823898480612	-5.464953126912948	1
-4.0428056487027275	-6.145989940219412	1
-5.548640151608934	9.171461502825995	1
-4.795066406452864	-0.8716403269168786	0
2.3659637285185475	5.696205206139076	1
2.017147245860258	-9.295936938196153	1
-4.898975799354526	-6.284752059732859	1
-0.8649549626104509	5.587400363187333	1
2.7453997019124863	-5.744588534476298	1
-5.367840049059584	6.665340545279427	1
8.614895734506959	-9.242568606177436	1
-9.165387017267363	4.8953279917718895	1
2.679500517587348	-7.491901914900801	1
3.469101744974104	-4.53568933523631	1
-3.344784926754148	-9.67735833358021	1
-2.4141214545438405	5.666621289796749	1
7.730204423874955	-2.6725500011789594	1
7.236360940357336	1.3377223947337402	1
-5.238013790912486	-2.0678078776897912	1
1.899036607901321	3.18690769856498	0
-5.879700874960481	-4.346473774985924	1
1.8227664759288196	-1.2318766979525506	0
-9.472412714070389	7.883719230853551	1
5.025978833796245	4.276345217466332	1
8.527440032469379	-7.547697738423887	1
-3.5900868617354753	3.4900100205612716	1
-2.620246637762791	6.173621514576158	1
7.159928636240327	-9.473104112620444	1
2.188959962600519	-2.4283872082323814	0
-1.8746325678024096	-3.8094583196962635	0
-3.2117713383997915	0.005306691021589316	0
6.610430255145932	0.9309206513427384	1
2.67621710883261	-3.7690408075167365	0
-6.409703052658338	-5.572232979927076	1
9.084759406267477	7.067287085935078	1
5.0651663651743135	-9.394452129009018	1
-5.483286457930296	7.83393216430899	1
-5.288070309014847	7.54636722840732	1
-1.7362155454008672	9.025520459326934	1
-2.305640451981019	-3.6009647160118625	0
9.419784775727795	6.895214513139646	1
-9.664335706707792	-6.009113149804048	1
-4.83772688070191	-5.961269440624923	1
-4.092104823611267	9.059869762336824	1
9.491282131868289	-8.681348201411012	1
2.9086991738732806	-1.4010261785518026	0
-9.027128920061106	-2.9527210846323193	1
-3.8690008917786205	1.536806699065263	0
4.914172939155959	7.903752491856164	1
4.333482769169464	5.497882147727918	1
-7.2187785513444735	1.3235478312173683	1
-8.570875855858448	8.406675131977646	1
4.014784471806291	5.1145884924818645	1
-1.9675242613396975	9.917266118550824	1
-0.27525783257092584	-8.36255801181537	1
0.22902921468518045	-1.2224196793592235	0
6.709811801937352	5.4411438383584905	1
-7.75863126200939	3.7235834226622657	1
7.223931688956174	-1.4176689426582492	1
-8.723540538184778	7.93323519900008	1
8.110347600449192	4.4995893483207965	1
-0.9519634284364145	0.6580202439034348	0
2.702903463636069	-2.8948079868360903	0
-2.81274283724664	6.284401346727513	1
8.492542415464456	-6.414982366545909	1
-5.413258398448382	-2.1954840249060688	1
-4.642697743872537	-7.5246146034574535	1
1.6430761303954107	-6.458001601911397	1
9.788006342862534	-2.9554611704900102	1
0.09527658778754144	8.471168943999931	1
-3.737560916693228	-3.5644210277270982	1
-7.493486797771891	1.2884485107518824	1
1.2990722708548574	-1.3969366034888768	0
4.393377417986986	6.043971056720487	1
-3.745716277396827	-7.4232051985959675	1
-8.159014164700986	-4.969389772718385	1
6.810210400143877	6.428001150346358	1
-4.055367237454536	-7.6360406369345775	1
-6.3082440670826205	2.0106720248072207	1
1.4348613069120972	-8.859787237200745	1
7.569045757309855	2.5135273895033166	1
-7.8408683291372565	-4.482826060418159	1
-2.0517737350384113	-5.008773103250088	1
-1.2678090567639089	4.244463315714899	0
-1.1137362446233645	1.7809485418661541	0
3.5706296541223637	-6.690394096083015	1
-5.179783396692494	-4.070860031330135	1
1.9181004592047142	-6.8365221658354125	1
-8.432638348828194	-5.9652867027001015	1
0.543790618542225	5.581035234599197	1
-9.397356658872791	1.9084808271619984	1
7.540571665975126	-9.708691290079734	1
1.6343071214084546	-0.11397770343381453	0
0.5300471716818738	-3.197206002171349	0
5.855888868233944	-6.215503638245328	1
1.260289408147612	2.504726717373046	0
-4.230854481108177	-1.890172323968562	0
8.235718595823187	9.011431155559762	1
0.6836258502714259	1.927624474432223	0
-3.3129134741105997	-0.2992502938066348	0
-7.9750249990772515	-3.837476137140923	1
6.264405119131194	2.754862030873948	1
-3.451790170834032	1.7672241130608093	0
3.960167952091142	2.2720979902359506	0
3.6893783652836696	0.462168504239564	0
7.148143703441143	-0.21382644158914488	1
-4.708160450853929	-2.113615845354719	1
-0.6126307913095701	-8.95901550447821	1
4.078727595660855	4.128741507698061	1
1.2190047694108248	2.713688192465167	0
3.6859595174782136	-9.210159440827027	1
-4.091557867824274	-8.267644843574883	1
1.1404165026565476	-8.049460644829011	1
9.980181959254924	6.112794853040263	1
1.662204051635186	-0.19994662082684656	0
-7.647088052935215	5.688737580449201	1
5.198065685283865	2.813675669362361	1
-6.356099865206371	3.58245801438966	1
1.9753312374285432	-1.8452108769705902	0
7.521726655988832	8.208442357486085	1
1.9028205813623718	2.2449717134218794	0
5.654939833750397	-5.358336332998803	1
-1.4541334694975596	8.50098797906989	1
-6.752967269873924	3.0432209019739442	1
-9.516358201755146	-9.288271162950899	1
-3.8065461059890815	-1.0283158660901783	0
-5.444700812619045	5.850700878791184	1
6.401452896471568	7.51809830487565	1
-0.6907282256197238	3.169836714252911	0
-8.402038969342264	-8.415985780048292	1
8.501915069990392	2.3907019855620426	1
4.253400723035021	1.6802871970567974	0
4.816615198956542	7.320444179334448	1
-6.649786983760128	3.2309836519252215	1
5.860028466975699	-3.7788897163826496	1
-5.161954754897373	-1.6135080006749725	1
-2.527703359613975	-4.178165086385926	0
4.453054766122355	-9.363459756162541	1
-1.822005600071373	3.5493006095666004	0
7.013564197435187	0.47682956450172576	1
1.9822421316905032	1.9701511350522267	0
-1.553446105983312	-9.862019181215087	1
4.02316298705043	9.166400407416308	1
-7.037994598564021	-7.032397558661034	1
5.966565975744295	6.803692637959003	1
1.006309426278822	-5.17665153323454	1
-7.108130737609047	5.909011495373358	1
4.239916199891535	-1.0418602116213265	0
-4.268000881961001	-2.446550459858261	0
3.0013289006094084	-1.0245485718770926	0
-7.005143934662083	3.814376912436776	1
-4.221468585766357	3.577802638753912	1
-1.5396955868638695	9.15232099851108	1
-1.9531148623148802	4.301353962178215	0
-4.101335079835167	4.655078200658206	1
-5.178241039881064	-5.302214356225741	1
-7.932547932857914	-8.845269840670358	1
2.1993406265906152	0.21166532975595231	0
-5.369959078356086	2.558836829087026	1
-1.4616020504852258	-6.6179424125410025	1
3.989247957601778	6.90916100432997	1
-4.151107345648621	6.541897768233564	1
-0.5400018296319544	-5.26405016342683	1
4.156145118873823	6.6605499445253145	1
4.7113905810120436	-5.832404196389831	1
-1.316852410725497	3.439480037690627	0
6.8693935863812925	2.0792483669097344	1
5.075096780856134	8.318544904089752	1
3.690296053571945	-3.7441848140812395	1
3.22173697772876	2.128016642111845	0
-7.236092864639487	5.826991468977594	1
8.080081302139568	-9.989727862360699	1
6.915408565486718	-1.4707515080632731	1
-1.8163448687472883	0.08928642460811709	0
1.7348858550012718	-0.5994608560194656	0
-2.7947616876628256	4.634223666283477	1
-0.6548293730776411	0.21912638663994954	0
5.674237513913027	1.253345913482633	1
-5.750722438179821	-7.811215066909323	1
-6.424834029155615	1.722541982707508	1
2.9085026756287107	5.387004818758648	1
9.039951615701838	3.9950425333735744	1
3.1587543638314806	-5.8787628483795356	1
-7.867209384029801	2.690429641355097	1
1.9161197077378116	-5.990916497119225	1
-3.9850403092846935	0.4863594920213181	0
7.666430739767165	-3.3114126028459223	1
-4.672617890093981	9.226404394188009	1
-1.1679350675534454	1.3447456148690318	0
-2.658016964792518	-8.559561877561919	1
-2.1357054178305246	7.784392796563029	1
4.005717334442107	2.937678981622355	0
-5.35712544118828	-3.114314326773817	1
-5.997289703156503	8.888123239456988	1
7.70538995095664	-4.2177994286379805	1
2.716883726049975	5.398580397403805	1
-6.030230543719539	6.0798505275883805	1
5.64876078132494	-0.04551395663094304	1
0.6614979115447213	-0.8985997207564331	0
-6.804407290509127	-5.839611120371231	1
-5.3164209734654495	7.018729151692696	1
8.645142773893085	1.1347367663818169	1
8.9016807841273	7.15827505974498	1
-9.406073109640758	-2.593968592327478	1
6.666514449693707	-9.938793786954829	1
-9.913220510184749	-7.72461248919091	1
6.573937038061381	-5.044718985614242	1
-8.416307784622072	5.367480844435109	1
3.5195957483722378	-3.6965042808286093	1
6.239498706645708	3.1568946226648578	1
-6.783635795637284	-7.842073750568995	1
6.371454252466815	2.2884409391549454	1
7.271094141767215	1.2964962399644726	1
6.4012889141967015	4.643368153984797	1
8.951415431932038	-8.646708864424518	1
7.660086487875024	-6.228435380014057	1
-6.205097179611627	-3.958504921904755	1
5.375710257511493	-0.9843922310886715	1
-6.831844978155999	6.984507647939168	1
-8.305845186883282	-4.4807525573576745	1
-8.31824213716633	-1.855212773380451	1
-7.482332768346065	-1.1713880531073517	1
-4.11401848627505	8.38360116059689	1
6.211797726204303	-3.598578349539734	1
5.629288515603076	3.919169693718027	1
6.357225066674637	6.736907888829556	1
9.602430175748086	-4.136368397593784	1
5.7805928370841855	-8.611132044622323	1
-2.218006056724329	-8.81701201253777	1
-4.066005486292195	-4.897618046324082	1
-6.853750450549201	8.512771834828033	1
6.156433722854256	0.5794700075158516	1
-1.5309485501502884	5.404887951635306	1
8.268356692527668	0.8522819633801504	1
7.941516392225296	-2.9180646349325867	1
0.24468744514206264	2.322299377702935	0
-5.580456639033724	3.985123657751199	1
1.0191251678128506	3.9642146921019545	0
-9.35547314612499	1.020323908398943	1
5.523019668443247	-3.9461446014090225	1
-0.06281626661524342	-7.108587700289681	1
0.8987698956264758	-2.976153155668227	0
0.6575784544420475	2.8631394743221232	0
-7.800854204243373	2.4141828425480156	1
2.5068572601108237	2.9793498787952117	0
-1.9877415905861575	7.772919522898455	1
-1.5031124968266099	-1.6442274643410855	0
-2.7412104096562873	9.917316349103316	1
3.4896482871412378	-4.725559725799311	1
-5.685420156590366	9.201248241120222	1
-0.046378964615792384	6.525310350330695	1
6.400540332019958	0.5237163897990715	1
2.757466263859154	-4.706137801806629	1
-0.9331650974175609	-3.482083873529424	0
5.677734993237669	-2.4111825066012216	1
-8.114240600797498	5.415437318661098	1
-8.105067992797782	2.8228932750380977	1
7.780012489090456	2.6750842014920106	1
3.493983364094122	2.687498933403825	0
0.491237304259613	4.4118523358067705	0
8.946487408931915	-5.191975788245093	1
4.937846473601521	4.794001460268916	1
-7.672268569528078	-1.984986114484478	1
5.098426619515868	4.701481759226507	1
-0.4658238298560491	0.8765450768310856	0
-6.876020801777633	-9.03883594823343	1
9.791315462654019	-9.357421728225141	1
-4.035436213077452	-6.24535879168411	1
2.174961100123573	3.912350090062562	0
-4.255473750186591	1.6073191716371689	0
-5.7919382268785675	-5.423163322922848	1
8.051961601540306	-1.228713666174679	1
7.592214514872751	6.655513587625869	1
3.5149256493294896	-6.24170529733237	1
-4.112210976873849	-7.240747216700201	1
-2.2484746033643876	-8.983822019550725	1
-6.032140278671689	0.8204353955792136	1
3.057411071567312	2.8398709600630827	0
3.705714912558795	-9.94250979028045	1
9.01810743348316	9.501013709124845	1
5.480932181368166	-1.32502436255065	1
1.565100427350444	-2.0000478802278154	0
-3.7198282084202567	-1.1957991993488726	0
-4.92117026957184	-0.1174751157612608	0
3.940292608362512	8.927584248078013	1
-7.7205516443984585	7.799435841205089	1
-7.420477068210247	9.742504096432995	1
-6.965277456294226	-7.881413770433372	1
0.8358583514704563	-1.4049812539664401	0
-9.099652899963695	-6.86840225974443	1
-3.1330962535130418	1.7683375601786722	0
-4.76303388901028	-8.961271449424835	1
8.971615795449878	-4.7466508589575085	1
9.843118218863513	0.14824232904098622	1
2.8070661627926583	-8.717537639686379	1
6.557631545886846	-7.763185707138289	1
2.9616202422325024	-1.7501717043537504	0
5.34591534892437	-5.848474598969446	1
-1.474090210564432	-2.391075865070052	0
2.646445790617239	0.49691010050316287	0
1.963763279541535	8.937638951649351	1
-8.441503926847389	-9.423027616166289	1
-7.273924625519907	-7.7389048968049945	1
3.282812244170234	-2.8600488139350073	0
-4.91209591485672	1.6247527138547024	1
3.245929983198037	-4.630956028118003	1
6.611616202346205	-7.304848719775103	1
5.764731236601236	-0.05742969712683177	1
7.423371166905717	9.497687816480934	1
-2.609130105962077	-0.4546269185204217	0
8.251711258499242	-2.6499771041714792	1
2.096358863371675	8.080637281837195	1
-2.3331578167098987	2.4345428124517294	0
-9.623500675754107	-2.0716351597500227	1
9.867763629634446	9.769704051226132	1
-7.261728369419385	-0.7724408576152886	1
-2.5758166796505577	6.777306127253613	1
-6.2682310354638755	-9.837893918635672	1
-2.062874174103168	-0.8065144833081899	0
7.88261140197697	6.295128787462495	1
4.384695279405502	9.612495517268652	1
-3.973248111285683	-7.746459650832362	1
3.1623290398314	-9.937505356730362	1
2.9730329855648225	-5.277786579478918	1
3.617577686732872	-4.397977558796018	1
8.065956287039228	7.677954608310735	1
4.0790930928391145	-3.382171855816038	1
-9.395727934980753	-9.318920862820164	1
6.745270917552347	-1.4866712133250317	1
9.995742845013535	-3.9161269343202454	1
5.339801101582392	6.159671206819716	1
6.539639203246843	6.770428963864013	1
6.966571162418088	-9.458902500901324	1
9.196873860543917	-4.579024175368267	1
-6.799461882192846	-6.7561467108476725	1
-2.8022832711852486	2.3485339596973738	0
-8.23672573155837	0.44442482777569126	1
6.859160711145577	7.404323590198047	1
-0.2779792024884937	-7.63440163090918	1
1.8643957317746356	-6.599915398215595	1
-0.9346683559496523	9.334569432722784	1
1.6453262776398923	-4.207940045157745	0
0.92013278127666	-3.8209200563633665	0
-2.4972744487486604	-2.6660353810096193	0
-7.48927835179251	-5.897523323085727	1
-9.0018953797459	-4.10191977254688	1
-6.329393152453109	-3.366290285048141	1
6.657813362555093	9.225421385874583	1
-6.80812855747329	-3.0354561039095973	1
-2.553957055561691	-5.513890848526173	1
1.775776500794656	1.20937167075434	0
-4.816351681418583	5.8901174374421785	1
-2.8001338759917633	1.8542105402588422	0
7.298655235736117	-9.413518131990717	1
7.160701507179972	-9.167299656947472	1
9.06474073372334	-6.291605027551103	1
5.615803715727004	-5.46176107915441	1
-7.410676799039462	-9.68887715132011	1
-6.700213253345146	1.672971982479332	1
9.787136163738811	0.5603316150775246	1
-4.6899519283597835	-0.33488688961296376	0
9.989561807690059	-4.34587701333302	1
9.382378913938673	-7.802235655391376	1
5.367384110721272	-8.524172733777709	1
0.8659204704490193	-3.6749783563738303	0
3.249117369296105	1.3432948839233187	0
-0.4508081646766744	5.510514196776846	1
-5.467259155925477	9.99273806293457	1
5.050840185601855	6.791998802638201	1
2.7463561198997652	5.11419757422988	1
4.214613035858864	9.912938340773792	1
-3.709799268566531	-9.374752131939616	1
-3.8628034415516987	4.287059589602595	1
1.9132233725949437	-9.031674671217322	1
6.560305714182999	-7.92245881571427	1
8.41371060121238	8.997705356988938	1
-4.221027498186856	-5.299286172155002	1
-0.6888500195509817	5.869751713270086	1
-2.205845190878608	3.5659811869977815	0
5.441198689719773	-6.412946785795992	1
-8.270349120194059	-9.280951707859437	1
6.335300534372415	8.522821600325077	1
6.675388785654363	-9.60801072019714	1
5.602643321012486	5.517486841257879	1
-0.1853901028233178	3.357666483463886	0
4.298182122461229	-2.143766596444829	0
-1.7818914128740566	-7.832037836079369	1
6.353028802006534	-7.911616468723757	1
4.048049109648037	-8.44909811219209	1
-3.2073701381455866	4.472753247192166	1
8.548771999466979	-2.6687600809904133	1
6.375193587347347	9.33637368036214	1
0.8465700272916372	-2.3881739626245846	0
2.3815973601487634	9.525706319689466	1
-8.551282709554373	1.4336990743195077	1
0.4347276929641133	-6.707538313179205	1
-9.43842673966547	6.977376195744057	1
-3.7140174868956244	6.8983881204576925	1
-8.359087782704588	-5.136176951626165	1
-7.514245556985221	-5.1212643938951885	1
-8.894593271012543	0.21129965038558396	1
4.0534797695687566	-6.080019035580754	1
-9.224072070683537	-0.8478156026657864	1
-6.475930810252479	-5.020480392118323	1
-7.286184244760041	6.6426564434800355	1
-9.263078073032872	4.631052931341692	1
-9.793192162016007	0.19824338123162732	1
-9.485862637190712	1.37836686215193	1
-0.36071239717851356	7.903867474795177	1
-8.277233149067133	3.1598291456404866	1
9.297832802091733	-2.854971893216794	1
8.575689860048424	0.6958008512082596	1
-1.4001021206486879	0.7174832123916666	0
8.183539012583267	9.365177649746983	1
-2.272551254504382	1.7880904678725802	0
-6.1575018237358385	-7.104456425316181	1
-7.641079793628601	-5.192448013895044	1
8.270430704644127	0.5685960685522762	1
8.823675153384556	-0.28411295991068997	1
5.636510800389027	-9.766456599152068	1
-1.7135072899452357	-0.9032019176693389	0
5.050499621778169	-7.862210275487016	1
8.690038752090533	-4.539160213858273	1
7.82183151422068	-0.1587763959127173	1
5.198614002121484	-2.0508121927854672	1
5.630707289584896	4.230697655387976	1
-5.218326740879293	-7.346220477876622	1
-6.706909977950913	6.659508765334937	1
-4.203031841624685	1.861162407652614	0
-0.050369409396500586	9.416534918704336	1
2.2119359958042377	9.773370039147817	1
0.7316692348477503	8.322727630807787	1
5.510419035308621	6.615818046394214	1
-8.229225403085415	2.5272611520747663	1
-1.0636623362851445	-5.19873727226156	1
-2.162812918252179	-5.519233182577075	1
-3.6213460142537235	3.4542003109532295	1
1.4242759457245828	4.232244120643518	0
1.737716900389934	-5.920967303546744	1
2.3846532347040856	-5.818321114427311	1
2.076877185299029	-6.393776879803655	1
9.637656689492797	1.4847518501418921	1
9.096521454193802	-9.856231314034208	1
1.465365495466454	-3.9765007506067978	0
-4.366586415650618	-9.382845648776275	1
-0.8906810852457241	-7.788785468756336	1
-5.0604690905362615	-7.487037853052256	1
-0.18460803162572326	-2.4006554574631123	0
-9.80663356819025	3.208999613999733	1
4.680032313228244	2.1549982158658345	1
-7.754702326902311	7.980285551502476	1
7.209215534846681	7.3691283454651355	1
8.007605803898873	-5.255036965986455	1
-5.386445541940905	9.463853770404945	1
-1.092764487912099	9.951344312374776	1
-1.8823541754675475	-5.261396918720416	1
-6.177132945954886	8.132644442591932	1
4.2967445252860585	2.604101665473717	1
3.7921027484801773	2.420187864293288	0
-6.225174924226254	6.740728440559103	1
-4.108723849560299	6.826247432302303	1
8.417642922549238	4.352981650093227	1
0.9171780694815332	2.2876906059973585	0
-9.170764059415637	-1.9115397479277458	1
-9.237162010485937	0.8978849431653462	1
7.108489120051303	1.2419908428960973	1
4.624424695461771	5.730747253018775	1
5.673995426870167	-6.094921031323832	1
